13
34
114
198
489
1399
4462
11635
36629
107202
264081
605228
1521398
3282417
9686644
15654985
53681811
135385166
400460031
795753270
1598542251
3121353445
7075855877
16149709560
37709212754
118470374455
241984066325
744091619524
1595180956046
5109562137339
13811781777888
24916347720003
82617054631024
208547516936493
544418755296938
1120569074809440
3769404900345604
6364676142515126
18589169501342700
45116633160363664
132521874141875240
348798273340489700
608823059444726807
1393572807132011737
3170455418561734673
9914710850604120643
27325627571322278903
73863854115606910032
231189688693290370744
388516377701978933300
1059058356717262415877
3095639061365912304520
7766739762907360533466
20235126886282445694816
51554437352570238162516
126124301189873047338922
403826450348714454194778
1226632943865669247371385
3407575752295204965566663
8052577988057576520794238
24627025049271494688655186
52611386040816785327007583
148645750749054870654632063
403234412647913807934008644
961433875168109470859915547
2873638642088409776297111011
