822815090761167199185652357
598892439026875837250304127
707287640921494405499369274
773030909152438428617891901
554404360624443682950670212
465428203819579374351402382
493461756576518449875596290
922591727640898063323466060
729167651736826243325136359
51729421572514081334778123
148496908183251993992831133
569477153914477815615993371
593566574897808160932729338
642190365622935715228770825
239749152574038047717519584
111144607994652936288732325
625829358711363679447691460
489555277780848390987235766
283806126071122647720123612
939672995047832641211656443
894913161353277743022462366
945727114496349139663773778
890618684649352400459316710
413215346767370036329359057
426824912888563104114294203
467695249897715059790644423
662933132635519491671561798
723069399331219186240081669
289866590007259517316150995
576549761609853822171805146
684832510457991767125004691
789291966491010565402467135
877164697201040298258187354
26075854543571826704793306
195214126966510938476315423
709741777450674222414898350
745986626390610247199807497
906094665203909789805167168
16583328185317082439567486
399676833565951687369277035
351952516280670854041476908
741789316729831167942522833
350922332054090788314604766
801637503515325492907119886
324397938933842868765733397
784291175648631683223039847
15092386433899242191385758
830538588324300963298239957
705475603861023234374725675
633908004556984079497391318
653619916291477458955809015
663297307767352847277198976
243796854114997950061089529
471118387375830660626693631
396613286606532499354352529
896896504289210612875160677
100847929406534259545365974
756978837073583389053277522
274329634693593918089770964
328484178443613155701584936
943009616310488811654731314
926867248945520963030998642
262707980283608598739438226
706154103865384430019178429
